Ref,Spider,Name,Address,City,State,Zipcode,Country,Phone,Website,Hours,Brand,WikiData
3376,czech_post_cz,Tábor AlzaBox OD Dvořák,,,,,CZ,,,,Česká pošta,Q341090
