Ref,Spider,Name,Address,City,State,Zipcode,Country,Phone,Website,Hours,Brand,WikiData
14580,church_of_england_gb,"St Mary & St Bartholomew & St Guthlac, Crowland","East Street, Crowland",,,,GB,+44 1778 217366,https://www.achurchnearyou.com/church/14580/,,,
