Ref,Spider,Name,Address,City,State,Zipcode,Country,Phone,Website,Hours,Brand,WikiData
,visa,,,TOKYO,,,JP,,,,,
,visa,,,TOKYO,,,JP,,,,,
,visa,,,TOKYO,,,JP,,,,,
,visa,,,CHIYODA-KU TOKYO,,,JP,,,,,
,visa,,,TOKYO,,,JP,,,,,
,visa,,,CHIYODA-KU TOKYO,,,JP,,,,,
,visa,,,TOKYO,,,JP,,,,,
,visa,,,TOKYO,,,JP,,,,,
,visa,,,TOKYO,,,JP,,,,,
