Ref,Spider,Name,Address,City,State,Zipcode,Country,Phone,Website,Hours,Brand,WikiData
71093,chevron,Chevron Station #71093,925 North Main St,FILLMORE,UT,,US,+1 435-743-4231,,,Chevron,Q319642
