Ref,Spider,Name,Address,City,State,Zipcode,Country,Phone,Website,Hours,Brand,WikiData
71537971,moneygram,SAMA TOUR & TRAVELS - RAE BARELI - RAEBA,,RAE BARELI,,,IN,+91 94157 34372,,Mo-Su 09:00-21:00,MoneyGram,Q1944412
