Ref,Spider,Name,Address,City,State,Zipcode,Country,Phone,Website,Hours,Brand,WikiData
68822602,moneygram,DINERO EXPRESS - #5867 - COMALCALCO - BA,,COMALCALCO,TB,,MX,+52 55 1720 8141,,Mo-Su 09:00-21:00,MoneyGram,Q1944412
72225583,moneygram,WALDOS - #6702 - COMALCALCO - COMALCALCO,,COMALCALCO,TB,,MX,+52 55 5246 0700,,Mo-Su 09:00-21:00,MoneyGram,Q1944412
72639881,moneygram,BANCO AZTECA MEXICO - COMALCALCO - BA SY,,COMALCALCO,TB,,MX,+52 55 1720 8177,,Mo-Su 09:00-21:00,MoneyGram,Q1944412
72639726,moneygram,DINERO EXPRESS - COMALCALCO - BA SYR COM,,COMALCALCO,TB,,MX,+52 55 1720 8177,,Mo-Su 09:00-21:00,MoneyGram,Q1944412
72794373,moneygram,CADENA COMERCIAL OXXO SA DE CV - #10VHT5,,COMALCALCO,TB,,MX,+52 81 8389 2121,,Mo-Su 03:00-24:00,MoneyGram,Q1944412
72243060,moneygram,FARMACIAS DEL AHORRO - #2149 - COMALCALC,,COMALCALCO,TB,,MX,5253224320,,Mo-Su 07:00-23:00,MoneyGram,Q1944412
72234707,moneygram,FARMACIAS DEL AHORRO - #775 - COMALCALCO,,COMALCALCO,TB,,MX,5253224320,,Mo-Su 07:00-23:00,MoneyGram,Q1944412
69509607,moneygram,MODATELAS - #1007 - 51 MODATELAS COMALCA,,COMALCALCO,TB,,MX,+52 933 334 4961,,Mo-Su 08:00-20:00,MoneyGram,Q1944412
68817594,moneygram,DINERO EXPRESS - #192 - COMALCALCO - ELE,,COMALCALCO,TB,,MX,+52 55 1720 8141,,Mo-Su 09:00-21:00,MoneyGram,Q1944412
74453829,moneygram,UNION COMALCALCO CASA DE LA CULTURA - CO,,COMALCALCO,TB,,MX,+52 800 733 3300,,Mo-Su 08:00-20:00,MoneyGram,Q1944412
74454747,moneygram,UNION COMALCALCO HOSPITAL REGIONAL - COM,,COMALCALCO,TB,,MX,+52 800 733 3300,,Mo-Su 08:00-20:00,MoneyGram,Q1944412
74454899,moneygram,UNION COMALCALCO PLAZA - COMALCALCO - UN,,COMALCALCO,TB,,MX,+52 800 733 3300,,Mo-Su 08:00-20:00,MoneyGram,Q1944412
74454200,moneygram,UNION COMALCALCO SANTA ELBA - COMALCALCO,,COMALCALCO,TB,,MX,+52 800 733 3300,,Mo-Su 08:00-20:00,MoneyGram,Q1944412
74453696,moneygram,UNION COMALCALCO ZARAGOZA - COMALCALCO -,,COMALCALCO,TB,,MX,+52 800 733 3300,,Mo-Su 08:00-20:00,MoneyGram,Q1944412
74636976,moneygram,COPPEL TRANSMISORES - COMALCALCO - COMAL,,COMALCALCO,TB,,MX,7594335,,Mo-Sa 09:30-20:00; Su 09:30-17:00,MoneyGram,Q1944412
70752566,moneygram,ELECZION - #1030 - COMALCALCO - COMALCAL,,COMALCALCO,TB,,MX,5263180635,,Mo-Su 07:00-23:00,MoneyGram,Q1944412
70753400,moneygram,ELECZION - #1621 - COMALCALCO - COMALCAL,,COMALCALCO,TB,,MX,5263180635,,Mo-Su 07:00-23:00,MoneyGram,Q1944412
71005720,moneygram,FARMACIAS GUADALAJARA - #1675 - COMALCAL,,COMALCALCO,TB,,MX,+52 800 555 6555,,Mo-Su 08:00-22:00,MoneyGram,Q1944412
71126667,moneygram,TELECOMM - #TELECOMM 27007 - COMALCALCO,,COMALCALCO,TB,,MX,55118008334700,,Mo-Fr 09:00-15:00; Sa-Su 00:00-24:00,MoneyGram,Q1944412
71133566,moneygram,ELEKTRA - #192 - COMALCALCO - BA EKT COM,,COMALCALCO,TB,,MX,+52 55 1720 7000,,Mo-Su 09:00-21:00,MoneyGram,Q1944412
71138383,moneygram,ELEKTRA - #2735 - COMALCALCO - BA PRESTA,,COMALCALCO,TB,,MX,+52 55 1720 7000,,Mo-Su 07:30-21:00,MoneyGram,Q1944412
71141532,moneygram,ELEKTRA - #4860 - COMALCALCO - BA MEGA C,,COMALCALCO,TB,,MX,+52 55 1720 7000,,Mo-Su 09:00-21:00,MoneyGram,Q1944412
71147824,moneygram,ELEKTRA - #8323 - COMALCALCO - BA SYR CO,,COMALCALCO,TB,,MX,+52 55 1720 7000,,Mo-Su 09:00-21:00,MoneyGram,Q1944412
71602547,moneygram,ELECZION - #1347 - COMALCALCO,,COMALCALCO,TB,,MX,+52 55 6318 0635,,Mo-Su 07:00-23:00,MoneyGram,Q1944412
68834894,moneygram,DINERO EXPRESS - #2735 - COMALCALCO - PR,,COMALCALCO,TB,,MX,+52 55 1720 8141,,Mo-Su 09:00-21:00,MoneyGram,Q1944412
71378949,moneygram,OXXO - ARISTA VSA,,COMALCALCO,TB,,MX,+52 81 8389 2121,,Mo-Su 03:00-24:00,MoneyGram,Q1944412
71377380,moneygram,OXXO - COMALLI VSA,,COMALCALCO,TB,,MX,+52 81 8389 2121,,Mo-Su 03:00-24:00,MoneyGram,Q1944412
71379346,moneygram,OXXO - ESTRELLA VSA,,COMALCALCO,TB,,MX,+52 81 8389 2121,,Mo-Su 03:00-24:00,MoneyGram,Q1944412
68819563,moneygram,DINERO EXPRESS - #4860 - COMALCALCO - EL,,COMALCALCO,TB,,MX,+52 55 1720 8141,,Mo-Su 09:00-21:00,MoneyGram,Q1944412
71912923,moneygram,SORIANA - #612 - COMALCALCO - LOPEZ RAYO,,COMALCALCO,TB,,MX,+52 800 555 6555,,Mo-Su 08:00-22:00,MoneyGram,Q1944412
