Ref,Spider,Name,Address,City,State,Zipcode,Country,Phone,Website,Hours,Brand,WikiData
,visa,,,DERBY,DERBYSHIRE,,GB,,,,,
,visa,,,DERBY,DERBYSHIRE,,GB,,,,,
4419b8f1346b034d11eab462db5bdf3c,western_union,RAMSDENS DERBY ST PETERS,,Derby,DERBYSHIRE,,GB,+44 1332 371151,https://location.westernunion.com/gb/derbyshire/derby/4419b8f1346b034d11eab462db5bdf3c,Mo-Sa 09:00-18:00; Su 10:00-16:00,Western Union,Q861042
