Ref,Spider,Name,Address,City,State,Zipcode,Country,Phone,Website,Hours,Brand,WikiData
,visa,,,MOUILLERON ST GERMAIN,VENDEE,,FR,,,,,
