Ref,Spider,Name,Address,City,State,Zipcode,Country,Phone,Website,Hours,Brand,WikiData
163,country_fire_authority_au,Toolamba,,Toolamba,,,AU,,,,,
