City,Place Name,Zipcode,Name
TAKEO,visa,,unknown,unknown
Prey Kabbas,western_union,,unknown,Sorphea Srey
Takeo,western_union,,unknown,ACLEDA BANK KOUK POU BRANCH
Samrong,western_union,,unknown,BORIN CHUM
Bati,western_union,,unknown,CHHAILUY SONG
Kirivong,western_union,,unknown,SORPHEAR SOA
Tram Kak,western_union,,unknown,RIN HOUR
