Ref,Spider,Name,Address,City,State,Zipcode,Country,Phone,Website,Hours,Brand,WikiData
15435,church_of_england_gb,St Luke West Holloway,"Hillmarton Road, West Holloway",,,,GB,,https://www.achurchnearyou.com/church/15435/,,,
