Ref,Spider,Name,Address,City,State,Zipcode,Country,Phone,Website,Hours,Brand,WikiData
200309340,exxonmobil,7-ELEVEN 34720,,SOUTH HOLLAND,IL,,US,+1 708-225-0658,https://www.exxon.com/en/find-station/mobil-southholland-il-7eleven34720-200309340,24/7,Mobil,Q109676002
34720,seven_eleven_ca_us,7-Eleven Store,,South Holland,IL,,US,+1 708-225-0658,https://www.7-eleven.com/locations/il/south-holland/702-e-tri-state-tlwy-34720,,7-Eleven,Q259340
