Ref,Spider,Name,Address,City,State,Zipcode,Country,Phone,Website,Hours,Brand,WikiData
cd5752b8f41f277a8b561de84ee02cb3,western_union,AZERPOST,,Lenkoran,,,AZ,+994 25 255 63 12,https://location.westernunion.com/az/state/lenkoran/cd5752b8f41f277a8b561de84ee02cb3,Mo-Sa 09:00-18:00,Western Union,Q861042
