Ref,Spider,Name,Address,City,State,Zipcode,Country,Phone,Website,Hours,Brand,WikiData
5756,davita,Millennium Dialysis,,Brooklyn,NY,,US,+1 833-399-3057,https://davita.com/locations/5756,,DaVita,Q5207184
