Ref,Spider,Name,Address,City,State,Zipcode,Country,Phone,Website,Hours,Brand,WikiData
,visa,,,COTABATO,COTABATO,,PH,,,,,
,visa,,,COTABATO CITY,COTABATO,,PH,,,,,
