Ref,Spider,Name,Address,City,State,Zipcode,Country,Phone,Website,Hours,Brand,WikiData
16169,ace_hardware,Diboll Ace Hardware,,Diboll,TX,,US,+1 936-829-0330,,Mo-Sa 08:00-18:00; Su 10:00-17:00,Ace Hardware,Q4672981
