Ref,Spider,Name,Address,City,State,Zipcode,Country,Phone,Website,Hours,Brand,WikiData
https://www.ameripriseadvisors.com/tamara.g.huey/contact/,ameriprise_us,Tamara Galchenko Huey,,San Diego,CA,,US,+1 619-501-1297,https://www.ameripriseadvisors.com/tamara.g.huey/,Mo-Fr 08:00-05:00,Ameriprise Financial,Q2843129
