Ref,Spider,Name,Address,City,State,Zipcode,Country,Phone,Website,Hours,Brand,WikiData
32278,seven_eleven_ca_us,7-Eleven Store,,Rocky Mountain House,AB,,CA,+1 403-845-4664,https://7-eleven.ca/store-locator/32278/,,7-Eleven,Q259340
,visa,,,ROCKY MOUNTAIN HOUSE,AB,,CA,,,,,
,visa,,,ROCKY MOUNTAIN HOUSE,AB,,CA,,,,,
