Ref,Spider,Name,Address,City,State,Zipcode,Country,Phone,Website,Hours,Brand,WikiData
814,czech_post_cz,Praha 9 AlzaBox Černý Most Albert,,,,,CZ,,,,Česká pošta,Q341090
