Ref,Spider,Name,Address,City,State,Zipcode,Country,Phone,Website,Hours,Brand,WikiData
31076,family_dollar_us,FAMILY DOLLAR #11076,,Cocoa,FL,,US,+1 321-448-0068,https://www.familydollar.com/locations/fl/cocoa/31076/,Mo-Su 08:00-22:00,Family Dollar,Q5433101
