Ref,Spider,Name,Address,City,State,Zipcode,Country,Phone,Website,Hours,Brand,WikiData
69157994,moneygram,GOVERNMENT SAVINGS BANK - BANKHAI - BANK,,BANKHAI,,,TH,+66 38 641 009,,Mo-Fr 08:30-15:30; Sa-Su 00:00-24:00,MoneyGram,Q1944412
,visa,,,RAYONG,,,TH,,,,,
,visa,,,RAYONG,,,TH,,,,,
,visa,,,RAYONG,,,TH,,,,,
,visa,,,RAYONG,,,TH,,,,,
,visa,,,RAYONG,,,TH,,,,,
,visa,,,RAYONG,,,TH,,,,,
,visa,,,RAYONG,,,TH,,,,,
,visa,,,RAYONG,,,TH,,,,,
,visa,,,RAYONG,,,TH,,,,,
,visa,,,RAYONG,,,TH,,,,,
,visa,,,RAYONG,,,TH,,,,,
,visa,,,RAYONG,,,TH,,,,,
,visa,,,RAYONG,,,TH,,,,,
,visa,,,RAYONG,,,TH,,,,,
,visa,,,RAYONG,,,TH,,,,,
,visa,,,RAYONG,,,TH,,,,,
,visa,,,RAYONG,,,TH,,,,,
,visa,,,RAYONG,,,TH,,,,,
,visa,,,RAYONG,,,TH,,,,,
,visa,,,RAYONG,,,TH,,,,,
,visa,,,RAYONG,,,TH,,,,,
,visa,,,RAYONG,,,TH,,,,,
,visa,,,RAYONG,,,TH,,,,,
,visa,,,RAYONG,,,TH,,,,,
,visa,,,RAYONG,,,TH,,,,,
,visa,,,RAYONG,,,TH,,,,,
,visa,,,RAYONG,,,TH,,,,,
,visa,,,RAYONG,,,TH,,,,,
,visa,,,RAYONG,,,TH,,,,,
,visa,,,RAYONG,,,TH,,,,,
,visa,,,RAYONG,,,TH,,,,,
,visa,,,RAYONG,,,TH,,,,,
,visa,,,RAYONG,,,TH,,,,,
,visa,,,RAYONG,,,TH,,,,,
,visa,,,RAYONG,,,TH,,,,,
,visa,,,RAYONG,,,TH,,,,,
,visa,,,RAYONG,,,TH,,,,,
,visa,,,RAYONG,,,TH,,,,,
,visa,,,RAYONG,,,TH,,,,,
,visa,,,RAYONG,,,TH,,,,,
,visa,,,RAYONG,,,TH,,,,,
,visa,,,RAYONG,,,TH,,,,,
,visa,,,RAYONG,,,TH,,,,,
,visa,,,RAYONG,,,TH,,,,,
,visa,,,RAYONG,,,TH,,,,,
,visa,,,RAYONG,,,TH,,,,,
,visa,,,RAYONG,,,TH,,,,,
