Ref,Spider,Name,Address,City,State,Zipcode,Country,Phone,Website,Hours,Brand,WikiData
8266b8cf9647d0041383b5b6713092fe,western_union,7-ELEVEN #33215,,Bethesda,MD,,US,+1 301-652-8589,https://location.westernunion.com/us/md/bethesda/8266b8cf9647d0041383b5b6713092fe,,Western Union,Q861042
