Ref,Spider,Name,Address,City,State,Zipcode,Country,Phone,Website,Hours,Brand,WikiData
,visa,,,STUART,FL,,US,,,,,
,visa,,,STUART,FL,,US,,,,,
