Ref,Spider,Name,Address,City,State,Zipcode,Country,Phone,Website,Hours,Brand,WikiData
,visa,,,SPRING,TX,,US,,,,,
c54088e443ecf7b500710f418d798b39,western_union,HEB GROCERY #579,,The Woodlands,TX,,US,+1 281-292-2080,https://location.westernunion.com/us/tx/the-woodlands/c54088e443ecf7b500710f418d798b39,Mo-Fr 09:00-19:00; Sa 10:00-18:00; Su 12:00-17:00,Western Union,Q861042
