Ref,Spider,Name,Address,City,State,Zipcode,Country,Phone,Website,Hours,Brand,WikiData
44532660,moneygram,POST OFFICE - Tile Farm,,ORPINGTON,,,GB,+44 845 722 3344,,Mo-Fr 09:00-17:30; Sa 09:00-13:00; Su 00:00-24:00,MoneyGram,Q1944412
