Ref,Spider,Name,Address,City,State,Zipcode,Country,Phone,Website,Hours,Brand,WikiData
70352665,moneygram,CVS - #10637,,ROSENBERG,TX,,US,+1 281-239-3899,,Mo-Su 07:00-22:00,MoneyGram,Q1944412
