Ref,Spider,Name,Address,City,State,Zipcode,Country,Phone,Website,Hours,Brand,WikiData
20803,citi,SUPER SERV SALCIDO,,Sonoyta,SONORA,,MX,+52 800 110 3990,,,Citibank,Q857063
3325,first_cash,First Cash Pawn,,Sonoita,Sonora,,MX,+52 651 512 5311,,,First Cash Pawn,
,visa,,,SONOYTA,SONORA,,MX,,,,,
,visa,,,SONOYTA,SONORA,,MX,,,,,
d019a3574da6efc0d0003f1bd7be40fc,western_union,OXXO PAPAGO MXL,,Sonoita,SONORA,,MX,+52 81 8389 2121,https://location.westernunion.com/mx/sonora/sonoita/d019a3574da6efc0d0003f1bd7be40fc,Mo-Su 08:00-22:00,Western Union,Q861042
b8e4227b407b117987d11d79a7545ba8,western_union,OXXO PAPAGO MXL,,Sonoita,SONORA,,MX,+52 81 8389 2121,https://location.westernunion.com/mx/sonora/sonoita/b8e4227b407b117987d11d79a7545ba8,Mo-Su 08:00-22:00,Western Union,Q861042
9608af0d1c4487b98ad7c244cd56acfd,western_union,OXXO PAPAGO MXL,,Sonoita,SONORA,,MX,+52 81 8389 2121,https://location.westernunion.com/mx/sonora/sonoita/9608af0d1c4487b98ad7c244cd56acfd,Mo-Su 08:00-22:00,Western Union,Q861042
a139605889539ad919ee517f32cf8975,western_union,TELECOMM 26073,,Sonoita,SONORA,,MX,+52 800 800 8930,https://location.westernunion.com/mx/sonora/sonoita/a139605889539ad919ee517f32cf8975,Mo-Fr 09:00-21:00,Western Union,Q861042
cba49531a1ba65f6ea55a3649eb2a80b,western_union,OXXO BENEMERITO MXL,,Sonoita,SONORA,,MX,+52 81 8389 2121,https://location.westernunion.com/mx/sonora/sonoita/cba49531a1ba65f6ea55a3649eb2a80b,Mo-Su 08:00-22:00,Western Union,Q861042
551771b79c0bb41887ea399a56936141,western_union,OXXO BENEMERITO MXL,,Sonoita,SONORA,,MX,+52 81 8389 2121,https://location.westernunion.com/mx/sonora/sonoita/551771b79c0bb41887ea399a56936141,Mo-Su 08:00-22:00,Western Union,Q861042
67c3dc07301dd1cd6adcba1731c2d55c,western_union,OXXO BENEMERITO MXL,,Sonoita,SONORA,,MX,+52 81 8389 2121,https://location.westernunion.com/mx/sonora/sonoita/67c3dc07301dd1cd6adcba1731c2d55c,Mo-Su 08:00-22:00,Western Union,Q861042
699a53aa638591a31f9fbc4d1c1ee527,western_union,BANCOPPEL 1332 LAS AMERICAS,,Sonoita,SONORA,,MX,(+52) 667-589999,https://location.westernunion.com/mx/sonora/sonoita/699a53aa638591a31f9fbc4d1c1ee527,Mo-Su 08:30-21:00,Western Union,Q861042
d6177c1d5c80de89dc4a6a7e68e42667,western_union,BANCOPPEL 1332 LAS AMERICAS,,Sonoita,SONORA,,MX,(+52) 667-589999,https://location.westernunion.com/mx/sonora/sonoita/d6177c1d5c80de89dc4a6a7e68e42667,Mo-Su 08:30-21:00,Western Union,Q861042
03c29e8c2154c0b38ba5461fd243d8de,western_union,BANCOPPEL 1332 LAS AMERICAS,,Sonoita,SONORA,,MX,(+52) 667-589999,https://location.westernunion.com/mx/sonora/sonoita/03c29e8c2154c0b38ba5461fd243d8de,Mo-Su 08:30-21:00,Western Union,Q861042
86c2a3e13eb89e435f8e4766f0586ca6,western_union,CASA LEY 1265 EXPRESS SONOYTA,,Sonoita,SONORA,,MX,+52 651 512 0770,https://location.westernunion.com/mx/sonora/sonoita/86c2a3e13eb89e435f8e4766f0586ca6,Mo-Su 07:00-22:00,Western Union,Q861042
c101c4fa3559d38ab7a6fc4d4c24cf28,western_union,OXXO LUKEVILLE MXL,,Sonoita,SONORA,,MX,+52 81 8389 2121,https://location.westernunion.com/mx/sonora/sonoita/c101c4fa3559d38ab7a6fc4d4c24cf28,Mo-Su 08:00-22:00,Western Union,Q861042
985cc51ec0c4d49d12fb408d0b249909,western_union,OXXO LUKEVILLE MXL,,Sonoita,SONORA,,MX,+52 81 8389 2121,https://location.westernunion.com/mx/sonora/sonoita/985cc51ec0c4d49d12fb408d0b249909,Mo-Su 08:00-22:00,Western Union,Q861042
03b45220490767f4e329c209b1fd0ae5,western_union,OXXO LUKEVILLE MXL,,Sonoita,SONORA,,MX,+52 81 8389 2121,https://location.westernunion.com/mx/sonora/sonoita/03b45220490767f4e329c209b1fd0ae5,Mo-Su 08:00-22:00,Western Union,Q861042
2817a1febe2da77f270e78ca763d88f9,western_union,AURRERA SONOYTA 1953,,General Plutarco Elias Calles,SONORA,,MX,+52 800 833 4700,https://location.westernunion.com/mx/sonora/general-plutarco-elias-calles/2817a1febe2da77f270e78ca763d88f9,Mo-Su 07:00-23:00,Western Union,Q861042
395cb11252d68ddc7b6a197df9dce8da,western_union,OXXO SONOYTA MXL,,Sonoita,SONORA,,MX,+52 81 8389 2121,https://location.westernunion.com/mx/sonora/sonoita/395cb11252d68ddc7b6a197df9dce8da,Mo-Su 08:00-22:00,Western Union,Q861042
7e35807b1fd416931e650d6b51c604cf,western_union,OXXO SONOYTA MXL,,Sonoita,SONORA,,MX,+52 81 8389 2121,https://location.westernunion.com/mx/sonora/sonoita/7e35807b1fd416931e650d6b51c604cf,Mo-Su 08:00-22:00,Western Union,Q861042
febe8ef28434a908d23a88d56932dd4b,western_union,OXXO SONOYTA MXL,,Sonoita,SONORA,,MX,+52 81 8389 2121,https://location.westernunion.com/mx/sonora/sonoita/febe8ef28434a908d23a88d56932dd4b,Mo-Su 08:00-22:00,Western Union,Q861042
b78953c3a28f95444670f6aa33eabd7f,western_union,CASA LEY 1265 EXPRESS SONOYTA,,Sonoita,SONORA,,MX,+52 651 512 0770,https://location.westernunion.com/mx/sonora/sonoita/b78953c3a28f95444670f6aa33eabd7f,Mo-Su 07:00-22:00,Western Union,Q861042
b62b2706524cb99d54b16c9258e0e34a,western_union,CASA LEY 1265 EXPRESS SONOYTA,,Sonoita,SONORA,,MX,+52 651 512 0770,https://location.westernunion.com/mx/sonora/sonoita/b62b2706524cb99d54b16c9258e0e34a,Mo-Su 07:00-22:00,Western Union,Q861042
029097dcd9a5d2ecb19d17105648bce5,western_union,OXXO GARITA MXL,,Sonoita,SONORA,,MX,+52 81 8389 2121,https://location.westernunion.com/mx/sonora/sonoita/029097dcd9a5d2ecb19d17105648bce5,Mo-Su 08:00-22:00,Western Union,Q861042
c0c7dcf94715018176d2678dbf003fa4,western_union,OXXO GARITA MXL,,Sonoita,SONORA,,MX,+52 81 8389 2121,https://location.westernunion.com/mx/sonora/sonoita/c0c7dcf94715018176d2678dbf003fa4,Mo-Su 08:00-22:00,Western Union,Q861042
4b39e97099f5844ae9282e2360744d43,western_union,OXXO GARITA MXL,,Sonoita,SONORA,,MX,+52 81 8389 2121,https://location.westernunion.com/mx/sonora/sonoita/4b39e97099f5844ae9282e2360744d43,Mo-Su 08:00-22:00,Western Union,Q861042
d96291448121faf237b8fdc65d30cf9b,western_union,OXXO CABORCA MXL,,Sonoita,SONORA,,MX,+52 81 8389 2121,https://location.westernunion.com/mx/sonora/sonoita/d96291448121faf237b8fdc65d30cf9b,Mo-Su 08:00-22:00,Western Union,Q861042
88da4f3b8ca36f9871ba03da8afb3c63,western_union,OXXO CABORCA MXL,,Sonoita,SONORA,,MX,+52 81 8389 2121,https://location.westernunion.com/mx/sonora/sonoita/88da4f3b8ca36f9871ba03da8afb3c63,Mo-Su 08:00-22:00,Western Union,Q861042
d529513341563f725d8dccd5f280c3ef,western_union,OXXO CABORCA MXL,,Sonoita,SONORA,,MX,+52 81 8389 2121,https://location.westernunion.com/mx/sonora/sonoita/d529513341563f725d8dccd5f280c3ef,Mo-Su 08:00-22:00,Western Union,Q861042
1ffd6b9f59365ca1f0f272ae8b90d0fe,western_union,AURRERA SONOYTA 1953,,General Plutarco Elias Calles,SONORA,,MX,+52 800 833 4700,https://location.westernunion.com/mx/sonora/general-plutarco-elias-calles/1ffd6b9f59365ca1f0f272ae8b90d0fe,Mo-Su 07:00-23:00,Western Union,Q861042
a86da71644bc37fa704e565a10f212ca,western_union,AURRERA SONOYTA 1953,,General Plutarco Elias Calles,SONORA,,MX,+52 800 833 4700,https://location.westernunion.com/mx/sonora/general-plutarco-elias-calles/a86da71644bc37fa704e565a10f212ca,Mo-Su 07:00-23:00,Western Union,Q861042
