Ref,Spider,Name,Address,City,State,Zipcode,Country,Phone,Website,Hours,Brand,WikiData
-6037237894025908077,cgi_group,Victoria,,Victoria,,,unknown,+1 250-383-3934,,,CGI Group,Q1798370
