Ref,Spider,Name,Address,City,State,Zipcode,Country,Phone,Website,Hours,Brand,WikiData
65993563,moneygram,CVS - #5094,,MOUNT LEBANON,PA,,US,+1 412-563-3444,,Mo-Su 08:00-22:00,MoneyGram,Q1944412
,visa,,,PITTSBURGH,PA,,US,,,,,
