Ref,Spider,Name,Address,City,State,Zipcode,Country,Phone,Website,Hours,Brand,WikiData
,visa,,,DAYTON,OH,,US,,,,,
19eea2cd7383ac77935a76e10a0c8977,western_union,KROGER 705-H,,Dayton,OH,,US,+1 937-254-2501,https://location.westernunion.com/us/oh/dayton/19eea2cd7383ac77935a76e10a0c8977,Mo-Su 08:00-22:00,Western Union,Q861042
