City,Place Name,Zipcode,Name
Flic en Flac,avis,,unknown,Avis Mauritius Flic en Flac
