Ref,Spider,Name,Address,City,State,Zipcode,Country,Phone,Website,Hours,Brand,WikiData
,visa,,,HENDERSON,NV,,US,,,,,
,visa,,,HENDERSON,NV,,US,,,,,
