Ref,Spider,Name,Address,City,State,Zipcode,Country,Phone,Website,Hours,Brand,WikiData
11692522,anatomie,Sea Island Acquisitions,,Sea Island,GA,,US,+1 912-638-3611,,,Anatomie,Q115608133
