Ref,Spider,Name,Address,City,State,Zipcode,Country,Phone,Website,Hours,Brand,WikiData
262478312bf17cd67cd6053eee787cf0,western_union,DR OULAD BRAHIM,,Oulad Brahim,OULAD BRAHIM,,MA,+212 661-150989,https://location.westernunion.com/ma/oulad-brahim/oulad-brahim/262478312bf17cd67cd6053eee787cf0,Mo-Su 08:00-24:00,Western Union,Q861042
d484c844e97ee27824b56a0606b0b49c,western_union,OULAD BRAHIM,,Oulad Brahim,OULAD BRAHIM,,MA,+212 666-400731,https://location.westernunion.com/ma/oulad-brahim/oulad-brahim/d484c844e97ee27824b56a0606b0b49c,Mo-Su 08:00-24:00,Western Union,Q861042
