Ref,Spider,Name,Address,City,State,Zipcode,Country,Phone,Website,Hours,Brand,WikiData
5535 Eglinton Avenue West,allied_universal,Allied Universal,,Etobicoke,ON,,CA,+1 888-717-4447,https://ausecurity.ca/toronto-security-systems-services,,Allied Universal,Q4732537
ytosohx-hampton-toronto-airport-corporate-centre,hilton,Hampton Inn by Hilton Toronto Airport Corporate Centre,"5515 Eglinton Avenue West, Toronto, Ontario, M9C 5K5, Canada",,ON,,CA,+1 416-646-3000,https://www.hilton.com/ar/hotels/ytosohx-hampton-toronto-airport-corporate-centre/,,Hampton by Hilton,Q5646230
,visa,,,ETOBICOKE,ON,,CA,,,,,
,visa,,,TORONTO,ON,,CA,,,,,
,visa,,,ETOBICOKE,ON,,CA,,,,,
,visa,,,TORONTO,ON,,CA,,,,,
