Ref,Spider,Name,Address,City,State,Zipcode,Country,Phone,Website,Hours,Brand,WikiData
,visa,,,HLEGU,YANGON,,MM,,,,,
,visa,,,HLEGU,YANGON,,MM,,,,,
