Ref,Spider,Name,Address,City,State,Zipcode,Country,Phone,Website,Hours,Brand,WikiData
f9bd755981e7a7b0dcea33a0bb27bce6,western_union,AMBERGATE ROAD POST OFFICE,,Nottingham,NOTTINGHAMSHIRE,,GB,+44 800 265756,https://location.westernunion.com/gb/nottinghamshire/nottingham/f9bd755981e7a7b0dcea33a0bb27bce6,Mo-Fr 09:00-17:30; Sa 09:00-12:30,Western Union,Q861042
