Ref,Spider,Name,Address,City,State,Zipcode,Country,Phone,Website,Hours,Brand,WikiData
bc7b889aa4eeabd72ee64fc59020342e,western_union,PFSI-MINDORO-SABLAYAN - P. URIETA ST.,,Sablayan,OCCIDENTAL MINDORO,,PH,+63 83 434 8596,https://location.westernunion.com/ph/occidental-mindoro/sablayan/bc7b889aa4eeabd72ee64fc59020342e,Mo-Su 08:00-18:30,Western Union,Q861042
4903f666b046cc1e1619ee7f80943796,western_union,MLI SABLAYAN MINDORO,,Sablayan,OCCIDENTAL MINDORO,,PH,+63 32 345 6476,https://location.westernunion.com/ph/occidental-mindoro/sablayan/4903f666b046cc1e1619ee7f80943796,Mo-Su 07:30-17:00,Western Union,Q861042
0ddadc20bd6b506fdbc02a869cef5b91,western_union,CLH SABLAYAN,,Sablayan,OCCIDENTAL MINDORO,,PH,+63 2 7759 9800,https://location.westernunion.com/ph/occidental-mindoro/sablayan/0ddadc20bd6b506fdbc02a869cef5b91,Mo-Sa 07:30-17:30; Su 08:00-17:00,Western Union,Q861042
170f26ff7859df42637026cc4e03127f,western_union,PALAWAN PAWNSHOP SABLAYAN,,Sablayan,OCCIDENTAL MINDORO,,PH,(+63) 4348596,https://location.westernunion.com/ph/occidental-mindoro/sablayan/170f26ff7859df42637026cc4e03127f,Mo-Su 08:00-17:30,Western Union,Q861042
c84f9f968e138d2eaeaa7e18299a12e0,western_union,RD PAWNSHOP MINDORO SABLAYAN,,Occidental Mindoro,OCCIDENTAL MINDORO,,PH,+63 915 803 7848,https://location.westernunion.com/ph/occidental-mindoro/occidental-mindoro/c84f9f968e138d2eaeaa7e18299a12e0,Mo-Sa 07:30-17:00; Su 09:00-17:00,Western Union,Q861042
cdd4ca8fcc270c4a0fd8b2b9ddab11aa,western_union,LBC EXPRESS INC,,Sablayan,OCCIDENTAL MINDORO,,PH,(+63) 02-8585999,https://location.westernunion.com/ph/occidental-mindoro/sablayan/cdd4ca8fcc270c4a0fd8b2b9ddab11aa,Mo-Fr 07:00-18:00; Sa-Su 08:00-18:00,Western Union,Q861042
