Ref,Spider,Name,Address,City,State,Zipcode,Country,Phone,Website,Hours,Brand,WikiData
26231,seven_eleven_ca_us,7-11 Str   500 Military East,,Benicia,CA,,US,+1 707-771-3292,https://www.7-eleven.com/locations/ca/benicia/500-military-east-26231,,7-Eleven,Q259340
f745be37ce4d400cb808445e1eaaabc0,western_union,7-ELEVEN #26231,,Benicia,CA,,US,+1 707-771-3292,https://location.westernunion.com/us/ca/benicia/f745be37ce4d400cb808445e1eaaabc0,,Western Union,Q861042
