Ref,Spider,Name,Address,City,State,Zipcode,Country,Phone,Website,Hours,Brand,WikiData
6cc223bc826c098c9c3375a1dae2a33d,western_union,SREYMOM,,Kampong Hau,KAENG TA SOKH,,KH,+855 71 911 1320,https://location.westernunion.com/kh/kaeng-ta-sokh/kampong-hau/6cc223bc826c098c9c3375a1dae2a33d,,Western Union,Q861042
