Ref,Spider,Name,Address,City,State,Zipcode,Country,Phone,Website,Hours,Brand,WikiData
cbaf5adeaa6e6c98e29e2b65dd743918,western_union,EER-FT BELVOIR MX,,Ft Belvoir,VA,,US,+1 703-806-5416,https://location.westernunion.com/us/va/ft-belvoir/cbaf5adeaa6e6c98e29e2b65dd743918,,Western Union,Q861042
