Ref,Spider,Name,Address,City,State,Zipcode,Country,Phone,Website,Hours,Brand,WikiData
8ece9e07537f5d572a04b0d7f8652555,western_union,KROGER #320,,Conyers,GA,,US,+1 770-922-8753,https://location.westernunion.com/us/ga/conyers/8ece9e07537f5d572a04b0d7f8652555,Mo-Su 08:00-22:00,Western Union,Q861042
