Ref,Spider,Name,Address,City,State,Zipcode,Country,Phone,Website,Hours,Brand,WikiData
7385,voyagecare,Quiet Waters,Quiet Waters,Brentwood,Essex,,GB,,https://www.voyagecare.com/wp-json/voyagecare/v1/services/null/null/null/null/0/0/500,,Voyage Care,
