Ref,Spider,Name,Address,City,State,Zipcode,Country,Phone,Website,Hours,Brand,WikiData
https://stores.sunglasshut.com/us/va/mclean/1961-chain-bridge-rd,sunglass_hut_1,Sunglass Hut,,McLean,VA,,US,+1 703-917-8980,https://stores.sunglasshut.com/us/va/mclean/1961-chain-bridge-rd,Mo-Sa 10:00-21:00; Su 11:00-19:00,Sunglass Hut,Q136311
de7387226a28f32824f69c6fb95a79c8,western_union,7 ELEVEN/SUNOCO #40388,,Mc Lean,VA,,US,+1 703-893-6777,https://location.westernunion.com/us/va/mc-lean/de7387226a28f32824f69c6fb95a79c8,,Western Union,Q861042
