Ref,Spider,Name,Address,City,State,Zipcode,Country,Phone,Website,Hours,Brand,WikiData
,visa,,,DOLORES HIDALGO CUNA DE LA INDEPENDENCIA NACIONAL,,,MX,,,,,
,visa,,,DOLORES HIDALGO CUNA DE LA INDEPENDENCIA NACIONAL,,,MX,,,,,
,visa,,,DOLORES HIDALGO CUNA DE LA INDEPENDENCIA NACIONAL,,,MX,,,,,
,visa,,,DOLORES HIDALGO CUNA DE LA INDEPENDENCIA NACIONAL,,,MX,,,,,
,visa,,,DOLORES HIDALGO CUNA DE LA INDEPENDENCIA NACIONAL,,,MX,,,,,
