Ref,Spider,Name,Address,City,State,Zipcode,Country,Phone,Website,Hours,Brand,WikiData
71588674,moneygram,SUNIL KUMAR SAURABH KUMAR - GONDA - GOND,,GONDA,,,IN,+91 95592 37941,,Mo-Su 08:00-20:00,MoneyGram,Q1944412
