Ref,Spider,Name,Address,City,State,Zipcode,Country,Phone,Website,Hours,Brand,WikiData
9820,church_of_england_gb,St John's Bromley,"Park Road, Bromley",,,,GB,,https://www.achurchnearyou.com/church/9820/,,,
