Ref,Spider,Name,Address,City,State,Zipcode,Country,Phone,Website,Hours,Brand,WikiData
,visa,,,PIRATINI,RS,,BR,,,,,
,visa,,,PIRATINI,RS,,BR,,,,,
