Ref,Spider,Name,Address,City,State,Zipcode,Country,Phone,Website,Hours,Brand,WikiData
0000873040,phillips_66_conoco_76,TEES ONE STOP,,HOT SPRINGS,AR,,US,+1 501-463-4927,,,Conoco,Q109341187
