Ref,Spider,Name,Address,City,State,Zipcode,Country,Phone,Website,Hours,Brand,WikiData
5016,davita,DaVita Indy East Dialysis,,Indianapolis,IN,,US,+1 833-376-2573,https://davita.com/locations/5016,,DaVita,Q5207184
9625,davita,DaVita Indy East At Home,,Indianapolis,IN,,US,+1 833-415-2215,https://davita.com/locations/9625,,DaVita,Q5207184
