Ref,Spider,Name,Address,City,State,Zipcode,Country,Phone,Website,Hours,Brand,WikiData
https://local.fedex.com/#27768030,fedex,FedEx Authorised ShipCentre London - FedEx Authorised Shipcentre*,,London,England,,GB,,https://local.fedex.com/en-gb/london/em729,,FedEx,Q459477
