Ref,Spider,Name,Address,City,State,Zipcode,Country,Phone,Website,Hours,Brand,WikiData
suby1100001262,ubitricity,ubitricity,,Portsmouth,,,GB,,,,Ubitricity,Q113699692
