Ref,Spider,Name,Address,City,State,Zipcode,Country,Phone,Website,Hours,Brand,WikiData
,visa,,,PACHUCA DE SOTO,,,MX,,,,,
,visa,,,HIDALGO,,,MX,,,,,
