Ref,Spider,Name,Address,City,State,Zipcode,Country,Phone,Website,Hours,Brand,WikiData
,visa,,,SARANDI GRANDE,FLORIDA,,UY,,,,,
