Ref,Spider,Name,Address,City,State,Zipcode,Country,Phone,Website,Hours,Brand,WikiData
RED0012427,australia_post_au,,,EULO,QLD,,AU,,,,Australia Post,Q1142936
