Ref,Spider,Name,Address,City,State,Zipcode,Country,Phone,Website,Hours,Brand,WikiData
RED0005194,australia_post_au,,,MURRUMBURRAH,NSW,,AU,,,,Australia Post,Q1142936
RED0005193,australia_post_au,,,HARDEN,NSW,,AU,,,,Australia Post,Q1142936
RED0005192,australia_post_au,,,HARDEN,NSW,,AU,,,,Australia Post,Q1142936
268883_PO,australia_post_au,HARDEN LPO,,HARDEN,NSW,,AU,+61 2 6386 2241,,,Australia Post,Q1142936
RED0005191,australia_post_au,,,HARDEN,NSW,,AU,,,,Australia Post,Q1142936
255301,commonwealth_bank_au,Harden,,Harden,NSW,,AU,,,,Commonwealth Bank,Q285328
OF2507,oporto_au,Macquarie Fields,,Macquarie Fields,NSW,,AU,+61 2 8055 1947,https://www.oporto.com.au/locations/macquarie-fields,Mo-We 09:30-22:00; Th-Fr 09:30-23:00; Sa-Su 10:00-22:00,Oporto,Q4412342
3937,terry_white_chemmart_au,TerryWhite Chemmart Harden,,Harden,NSW,,AU,+61 2 6386 2643,https://terrywhitechemmart.com.au/stores/terrywhite-chemmart-harden,Mo-Fr 09:00-17:30; Sa 09:00-12:00,Terry White Chemmart,Q24089773
,visa,,,HARDEN,NSW,,AU,,,,,
,visa,,,HARDEN,NSW,,AU,,,,,
f76543f374f65cd92f5fe3394b020ba7,western_union,AUSTRALIA POST,,Harden,NSW,,AU,+61 1800 501 500,https://location.westernunion.com/au/nsw/harden/f76543f374f65cd92f5fe3394b020ba7,Mo-Fr 08:00-18:00; Sa 08:00-16:00,Western Union,Q861042
