Ref,Spider,Name,Address,City,State,Zipcode,Country,Phone,Website,Hours,Brand,WikiData
0000026105,valero,Heberts Boudin & Cracklins,,Opelousas,LA,,US,+1 337-942-8828,https://locations.valero.com/en-us/LocationDetails/Index/4932-I-49-N-SERVICE-RD/0000026105,,Valero,Q1283291
