Ref,Spider,Name,Address,City,State,Zipcode,Country,Phone,Website,Hours,Brand,WikiData
SY000686,bmo,IGA #686,,DOLBEAU-MISTASSINI,QC,,CA,,,,BMO,Q4835981
,visa,,,MISTASSINI,QC,,CA,,,,,
,visa,,,DOLBEAU-MISTASSINI,QC,,CA,,,,,
