Ref,Spider,Name,Address,City,State,Zipcode,Country,Phone,Website,Hours,Brand,WikiData
https://www.ameripriseadvisors.com/steven.r.ballard/contact/,ameriprise_us,Steven Ballard,,Dakota Dunes,SD,,US,+1 712-900-0202,https://www.ameripriseadvisors.com/steven.r.ballard/,Mo-Th 08:30-05:30; Fr 08:30-04:00,Ameriprise Financial,Q2843129
https://www.ameripriseadvisors.com/steven.nelson/contact/,ameriprise_us,Steven Nelson,,Dakota Dunes,SD,,US,+1 712-900-0202,https://www.ameripriseadvisors.com/steven.nelson/,"Mo 08:30-04:30,08:30-05:30; Tu-Th 08:30-05:30; Fr 08:30-04:00",Ameriprise Financial,Q2843129
https://www.ameripriseadvisors.com/team/compass-wealth-partners/contact/,ameriprise_us,Ameriprise Financial,,Dakota Dunes,SD,,US,+1 712-900-0202,https://www.ameripriseadvisors.com/team/compass-wealth-partners/,Mo-Th 08:30-05:30; Fr 08:30-04:00,Ameriprise Financial,Q2843129
