Ref,Spider,Name,Address,City,State,Zipcode,Country,Phone,Website,Hours,Brand,WikiData
,visa,,,MARTINEZ,GA,,US,,,,,
b97684d529e9d926faad19a2fb9cd03d,western_union,REGIONS #3708,,Martinez,GA,,US,+1 762-333-0600,https://location.westernunion.com/us/ga/martinez/b97684d529e9d926faad19a2fb9cd03d,Mo-Th 09:00-16:00; Fr 09:00-17:00,Western Union,Q861042
