Ref,Spider,Name,Address,City,State,Zipcode,Country,Phone,Website,Hours,Brand,WikiData
068702a90e164fc1553468318b40d9d9,western_union,BRAVO SUPERMARKET,,Orlando,FL,,US,+1 407-770-0012,https://location.westernunion.com/us/fl/orlando/068702a90e164fc1553468318b40d9d9,Mo-Sa 07:30-21:00; Su 07:30-20:00,Western Union,Q861042
